[camera]
x=7.417866
y=7.517828
z=2.577936
yaw=-138
pitch=-26
